 21.851 2.048 0.6138 49.44
 21.603 1.823 0.7175  5.73
 19.612 2.192 0.5117 22.79
 19.098 2.447 0.4871  9.30
 21.964 2.352 0.4485 32.93
 20.025 1.876 0.5809 20.71
 18.940 1.818 0.5135  2.31
 21.430 2.378 0.5770  0.95
 20.897 2.158 0.8521 15.14
 19.862 1.736 0.2916 19.84
 19.718 1.174 0.4629 21.23
 21.949 2.116 0.4834 25.69
 21.754 2.714 0.7064 24.66
 19.435 1.933 0.3743 30.15
 20.070 2.119 0.6604 15.04
 20.096 2.405 0.5455  7.25
 18.752 1.723 0.4615 10.10
 20.064 1.854 0.7615 11.57
 20.776 1.916 0.4595  4.51
 21.432 1.000 0.7790 24.40
 19.796 1.795 0.6691  9.29
 21.355 2.017 0.3594 21.95
 21.748 1.735 0.3453  5.66
 21.900 3.065 0.6467 15.58
 21.827 0.716 0.5870 20.86
 19.299 1.949 0.5959  8.73
 20.833 2.507 0.7522 13.94
 21.410 1.877 0.6942 24.47
 21.593 1.698 0.4129  7.93
 21.180 1.587 0.3143 20.25
 18.415 1.862 0.5558 21.48
 20.109 2.369 0.8408  6.81
 21.275 2.189 0.4649  6.77
 21.831 1.875 0.3932  5.61
 21.203 0.398 0.3585 32.89
 18.569 1.777 0.5266 11.50
 19.653 2.289 0.5544  3.11
 21.704 2.081 0.9044  6.74
 18.747 1.274 0.2876 12.48
 21.779 1.837 0.4469 63.45
 21.991 1.871 0.4639  3.97
 21.013 1.722 0.7374  0.26
 21.417 1.082 0.6295 22.27
 20.021 3.651 0.8140 59.69
 20.906 2.165 0.4844 29.15
 21.716 2.232 0.4533 21.08
 21.361 2.417 0.7688 28.15
 21.716 2.171 0.7086  9.48
 21.512 1.369 0.6941 16.34
 18.497 1.458 0.3606 30.99
 18.292 1.261 0.1809 16.46
 17.563 2.336 0.5498 17.36
 21.278 2.431 0.8624 33.94
 20.539 2.173 0.4184  8.35
 21.480 1.596 0.5790 14.46
 20.162 2.885 0.6135 10.12
 19.817 2.562 0.5442 22.87
 21.332 1.601 0.5012  7.70
 20.181 2.515 0.6145  5.86
 20.402 2.485 0.6781 20.97
 21.348 2.672 0.7053 47.60
 20.629 2.386 0.6971  9.65
 17.710 2.361 0.7124 24.10
 20.644 1.512 0.1862 44.23
 20.386 2.704 0.6131 13.25
 21.533 1.266 0.4078 13.01
 21.466 2.197 0.6995  5.25
 17.319 1.552 0.6206 54.89
 21.458 1.028 0.3994 50.49
 20.093 1.957 0.6035 24.77
 21.530 2.384 0.7344 12.36
 20.868 1.642 0.3046 26.00
 21.239 1.544 0.7485  8.99
 21.593 2.762 0.6255 63.69
 21.518 0.669 0.2961 29.64
 20.512 1.041 0.1729 16.78
 19.952 2.029 0.5512 11.29
 21.920 2.241 0.5487  7.59
 21.455 1.370 0.2325 13.15
 19.490 2.158 0.7520  6.48
 19.434 2.004 0.5285  6.16
 20.032 2.099 0.5580 18.26
 20.909 2.251 0.6170 10.04
 21.736 2.274 0.4675 24.99
 19.747 2.698 0.8329 29.99
 21.328 2.379 0.5146 19.36
 19.111 1.066 0.6792 22.44
 20.674 2.092 0.4774  4.68
 21.293 2.680 0.5955 37.78
 20.469 1.795 0.3032 33.49
 21.833 1.941 0.3568 14.63
 18.637 2.172 0.4333 16.69
 17.072 2.679 0.6722 16.32
 21.685 1.746 0.3238 21.05
 19.688 1.824 0.6005 38.28
 21.975 2.850 0.5557 34.46
 20.143 2.744 0.5634 31.36
 21.658 1.327 0.6832  5.95
 21.652 2.188 0.4678 27.98
 18.824 1.118 0.2453 20.06
