 21.851 2.048 0.6138 49.44
 21.603 1.823 0.7175  5.73
 19.612 2.192 0.5117 22.79
 19.098 2.447 0.4871  9.30
 21.964 2.352 0.4485 32.93
 20.025 1.876 0.5809 20.71
 18.940 1.818 0.5135  2.31
 21.430 2.378 0.5770  0.95
 20.897 2.158 0.8521 15.14
 19.862 1.736 0.2916 19.84
 19.718 1.174 0.4629 21.23
 21.949 2.116 0.4834 25.69
 21.754 2.714 0.7064 24.66
 19.435 1.933 0.3743 30.15
 20.070 2.119 0.6604 15.04
 20.096 2.405 0.5455  7.25
 18.752 1.723 0.4615 10.10
 20.064 1.854 0.7615 11.57
 20.776 1.916 0.4595  4.51
 21.432 1.000 0.7790 24.40
 19.796 1.795 0.6691  9.29
 21.355 2.017 0.3594 21.95
 21.748 1.735 0.3453  5.66
 21.900 3.065 0.6467 15.58
 21.827 0.716 0.5870 20.86
 19.299 1.949 0.5959  8.73
 20.833 2.507 0.7522 13.94
 21.410 1.877 0.6942 24.47
 21.593 1.698 0.4129  7.93
 21.180 1.587 0.3143 20.25
 18.415 1.862 0.5558 21.48
 20.109 2.369 0.8408  6.81
 21.275 2.189 0.4649  6.77
 21.831 1.875 0.3932  5.61
 21.203 0.398 0.3585 32.89
 18.569 1.777 0.5266 11.50
 19.653 2.289 0.5544  3.11
 21.704 2.081 0.9044  6.74
 18.747 1.274 0.2876 12.48
 21.779 1.837 0.4469 63.45
 21.991 1.871 0.4639  3.97
 21.013 1.722 0.7374  0.26
 21.417 1.082 0.6295 22.27
 20.021 3.651 0.8140 59.69
 20.906 2.165 0.4844 29.15
 21.716 2.232 0.4533 21.08
 21.361 2.417 0.7688 28.15
 21.716 2.171 0.7086  9.48
 21.512 1.369 0.6941 16.34
 18.497 1.458 0.3606 30.99
 18.292 1.261 0.1809 16.46
 17.563 2.336 0.5498 17.36
 21.278 2.431 0.8624 33.94
 20.539 2.173 0.4184  8.35
 21.480 1.596 0.5790 14.46
 20.162 2.885 0.6135 10.12
 19.817 2.562 0.5442 22.87
 21.332 1.601 0.5012  7.70
 20.181 2.515 0.6145  5.86
 20.402 2.485 0.6781 20.97
 21.348 2.672 0.7053 47.60
 20.629 2.386 0.6971  9.65
 17.710 2.361 0.7124 24.10
 20.644 1.512 0.1862 44.23
 20.386 2.704 0.6131 13.25
 21.533 1.266 0.4078 13.01
 21.466 2.197 0.6995  5.25
 17.319 1.552 0.6206 54.89
 21.458 1.028 0.3994 50.49
 20.093 1.957 0.6035 24.77
 21.530 2.384 0.7344 12.36
 20.868 1.642 0.3046 26.00
 21.239 1.544 0.7485  8.99
 21.593 2.762 0.6255 63.69
 21.518 0.669 0.2961 29.64
 20.512 1.041 0.1729 16.78
 19.952 2.029 0.5512 11.29
 21.920 2.241 0.5487  7.59
 21.455 1.370 0.2325 13.15
 19.490 2.158 0.7520  6.48
 19.434 2.004 0.5285  6.16
 20.032 2.099 0.5580 18.26
 20.909 2.251 0.6170 10.04
 21.736 2.274 0.4675 24.99
 19.747 2.698 0.8329 29.99
 21.328 2.379 0.5146 19.36
 19.111 1.066 0.6792 22.44
 20.674 2.092 0.4774  4.68
 21.293 2.680 0.5955 37.78
 20.469 1.795 0.3032 33.49
 21.833 1.941 0.3568 14.63
 18.637 2.172 0.4333 16.69
 17.072 2.679 0.6722 16.32
 21.685 1.746 0.3238 21.05
 19.688 1.824 0.6005 38.28
 21.975 2.850 0.5557 34.46
 20.143 2.744 0.5634 31.36
 21.658 1.327 0.6832  5.95
 21.652 2.188 0.4678 27.98
 18.824 1.118 0.2453 20.06
 18.628 2.135 0.9160 24.77
 21.268 2.252 0.4657 43.74
 19.144 2.387 0.6711  5.08
 21.376 2.970 0.6709 14.66
 19.315 2.516 0.6005  8.03
 21.903 1.062 0.2473  0.29
 21.129 2.090 0.5489 40.13
 21.984 1.723 0.3539 36.24
 17.834 2.488 0.6081 30.27
 21.442 2.468 0.5184  2.36
 14.668 2.126 0.4425  4.49
 21.478 1.311 0.4540 35.33
 20.940 2.001 0.7099  4.60
 18.943 2.280 0.5234 43.38
 21.787 2.774 0.5967  3.04
 20.014 1.942 0.5825 39.81
 19.616 0.755 0.1584 10.64
 19.180 1.600 0.2843 17.22
 20.684 1.998 0.3810 53.50
 19.340 1.929 0.6081  4.87
 19.018 2.698 0.5510  7.24
 21.572 1.923 0.4226 25.56
 19.018 2.463 0.6217 23.60
 21.344 2.027 0.3608  1.37
 20.505 1.413 0.2892 23.78
 21.206 2.803 0.5973 27.98
 18.554 2.056 0.6894 18.49
 19.742 2.505 0.5307 10.06
 21.462 1.694 0.3070 22.67
 21.669 1.457 0.7478 23.52
 20.778 1.597 0.6144  5.55
 17.453 1.268 0.2507 16.37
 20.932 1.241 0.5593 15.93
 20.068 3.083 0.6446 62.96
 20.273 2.020 0.5159  9.08
 21.717 2.806 0.6838 20.02
 21.200 2.395 0.5292 16.02
 20.343 1.923 0.5419 14.40
 20.996 1.889 0.4906  9.53
 18.035 3.001 0.6040 46.82
 21.929 2.430 0.8787  6.32
 18.249 1.341 0.7289 12.73
 21.941 1.531 0.7394 16.70
 21.497 2.652 0.6922 27.55
 20.067 1.607 0.6664 20.46
 20.570 2.616 0.7820 15.79
 20.521 2.886 0.7123 25.20
 18.842 1.153 0.8394 44.76
 16.705 1.670 0.5858 41.47
 21.137 1.203 0.5129 47.65
 20.458 1.374 0.7203 31.61
 21.542 2.446 0.5318 23.19
 19.162 1.991 0.5093  8.62
 16.201 1.451 0.3622 32.50
 21.164 2.754 0.6014 18.09
 19.689 1.534 0.4561 10.60
 20.856 0.895 0.5386 40.24
 18.469 2.642 0.5863 36.51
 21.652 1.211 0.3498  9.24
 21.559 1.664 0.5156  6.78
 21.293 2.487 0.6433 20.03
 21.950 2.190 0.8191  9.51
 20.773 1.169 0.2025 17.98
 21.031 2.414 0.4936 25.97
 21.310 1.940 0.5053 12.28
 20.268 2.445 0.5250 52.32
 19.644 1.399 0.2372 41.75
 19.233 2.236 0.4715  4.39
 20.785 1.790 0.4075 36.10
 21.237 1.313 0.1891 18.62
 20.022 1.966 0.5420 56.68
 21.077 2.761 0.5877 13.38
 21.644 1.742 0.4091 25.57
 18.770 2.307 0.4764 19.07
 21.903 1.346 0.2096 36.45
 20.656 1.885 0.4182 47.20
 15.877 1.954 0.6688 40.51
 21.360 2.110 0.4242  6.05
 17.028 1.137 0.1265 49.42
 19.033 2.209 0.4809  7.78
 17.630 1.438 0.3791 48.23
 21.084 2.116 0.5654  6.57
 21.768 2.780 0.7581 15.98
 20.153 3.098 0.6549 15.28
 20.716 2.946 0.7398 13.01
 20.995 2.060 0.4298  8.59
 19.285 2.074 0.4212 32.99
 21.760 1.972 0.4513 13.18
 17.399 0.951 0.3857 59.08
 20.147 0.825 0.2132 13.45
 18.676 2.239 0.5909  8.75
 21.544 2.215 0.5518  0.25
 21.253 1.259 0.2821 25.18
 20.485 2.330 0.6606  0.13
 15.272 1.952 0.7157 36.70
 20.856 1.449 0.2859 36.86
 21.188 2.645 0.5315  1.72
 19.761 2.444 0.4948 32.81
 21.362 2.677 0.6097 47.65
 20.466 1.572 0.3571 54.44
 19.565 1.910 0.3575  7.13
 21.921 1.584 0.8138 12.54
 21.269 1.804 0.5815  7.75
 21.043 1.789 0.4155 26.74
 21.731 1.693 0.6555  2.61
 19.506 2.410 0.5504 10.58
 18.121 1.632 0.4010 17.16
 19.177 1.905 0.4430 10.00
 21.924 1.791 0.6031 33.05
 21.792 1.596 0.7049  7.29
 19.213 2.086 0.5877  3.78
 19.086 2.749 0.7255 13.64
 20.161 1.810 0.4854 37.76
 20.188 1.940 0.8014 27.15
 21.311 1.760 0.6349 26.94
 21.818 1.445 0.2304 26.02
 21.415 1.807 0.7625  9.61
 21.827 1.612 0.2872 25.89
 20.881 3.311 0.6189 16.54
 21.159 2.519 0.7434  4.95
 21.953 3.241 0.7396 16.86
 19.156 2.644 0.5857 11.85
 21.201 1.694 0.5477 12.78
 21.751 1.980 0.6233  5.31
 21.323 2.851 0.8364 45.41
 21.828 1.745 0.3774  9.33
 21.506 2.611 0.5611  8.68
 20.658 2.506 0.7482 17.40
 20.178 2.253 0.4336  7.53
 21.160 1.985 0.4318 24.92
 20.652 2.039 0.8339  5.51
 21.566 1.714 0.3186 35.81
 19.073 0.542 0.6653  9.04
 21.809 2.458 0.5303 20.54
 21.400 1.278 0.1318 30.75
 19.592 2.677 0.6257 13.19
 16.763 2.425 0.5154 13.13
 17.690 1.614 0.7599 26.19
 20.515 2.785 0.5866 21.49
 21.619 2.046 0.5816 45.28
 20.953 1.629 0.5693  3.28
 20.814 1.524 0.6011 44.53
 18.292 0.433 0.3041 15.32
 20.437 3.048 0.5855 38.41
 18.809 0.892 0.3873 28.58
 20.430 2.872 0.7242 12.99
 20.673 2.240 0.7359 12.25
 20.137 1.158 0.0542 17.02
 18.827 0.566 0.2548 13.97
 21.575 2.502 0.7418  3.61
 21.360 1.550 0.1866 31.17
 19.549 2.603 0.7112 42.02
 21.390 0.885 0.5711 12.96
 21.416 2.062 0.5542  6.44
 21.225 2.453 0.4928  8.80
 20.988 2.020 0.5007  0.19
 19.157 1.626 0.3307 11.07
 21.501 2.365 0.6102  7.84
 20.710 0.975 0.6288  9.59
 20.860 1.813 0.3538 62.22
 20.714 2.122 0.4160  8.23
 19.148 2.105 0.7085  4.86
 21.877 1.441 0.2871 17.63
 21.316 1.604 0.3095 13.27
 19.132 2.119 0.4377  7.23
 21.846 2.414 0.4744  9.67
 20.517 1.839 0.7346  3.17
 20.783 2.156 0.4362 18.12
 20.144 2.626 0.5992 19.54
 21.883 1.759 0.3342 18.54
 18.971 2.102 0.8990  1.13
 21.440 3.037 0.5901 13.82
 21.600 3.212 0.6471 14.10
 21.298 1.245 0.8251 27.64
 20.017 2.833 0.6220 13.79
 21.562 2.380 0.5627 16.55
 20.214 2.332 0.5735  2.93
 19.362 1.952 0.3518  9.60
 21.064 1.856 0.8175 13.02
 21.528 2.313 0.4435  3.30
 20.944 1.461 0.2344 25.89
 20.652 1.699 0.4860 13.92
 20.681 2.053 0.4547  8.01
 18.615 2.211 0.5737 36.69
 21.888 2.953 0.5628 18.16
 21.687 1.947 0.3403 34.93
 19.570 1.929 0.7731  7.95
 19.780 3.316 0.6112 13.98
 20.076 0.810 0.4458 19.50
 17.608 1.793 0.3170 15.79
 21.713 1.759 0.4924 23.72
 21.618 2.194 0.6960  5.39
 19.939 2.304 0.4622 34.87
 19.591 1.286 0.6509 26.49
 20.900 2.850 0.5862 10.19
 19.743 1.760 0.3228 17.26
 17.827 1.166 0.1105 29.86
 21.812 1.874 0.4480 26.55
 19.904 2.119 0.5109  7.03
 21.152 2.795 0.6134 28.18
 21.458 2.423 0.5671 11.42
 19.650 2.500 0.5223 30.09
 21.566 1.496 0.4620 46.81
 21.281 0.772 0.4797 37.56
 20.226 2.582 0.5946  7.38
 20.546 2.535 0.5324 13.14
 20.362 1.576 0.2780 49.68
 21.765 1.855 0.3283 27.70
 19.349 2.514 0.6074  3.42
 19.873 1.740 0.6473  6.04
 18.490 2.074 0.8097 39.64
 21.846 1.363 0.4687 11.33
 20.616 2.762 0.5614  7.73
 19.263 2.238 0.5166  6.24
 20.286 2.188 0.4964 29.16
 21.154 1.737 0.4009 52.78
 20.533 1.647 0.3017 15.21
 21.413 2.173 0.4543 24.25
 21.929 1.527 0.4727 23.75
 21.151 0.910 0.5018 25.01
 21.946 1.941 0.3968 44.40
 21.990 1.951 0.5577  3.35
 20.918 1.464 0.1633 17.02
 19.999 2.113 0.7973 10.05
 21.455 2.365 0.4773 22.34
 20.738 1.179 0.3691 21.09
 21.847 1.895 0.5067 36.21
 20.472 1.794 0.2819 15.91
 17.430 2.167 0.5922 41.21
 21.358 2.130 0.4721 52.79
 21.628 0.912 0.6046 17.86
 21.579 2.072 0.4876  4.53
 21.424 1.652 0.5275 30.41
 21.976 2.793 0.7162 32.29
 20.558 0.772 0.5682  9.32
 21.945 1.957 0.3381 21.82
 20.314 1.854 0.4719  7.15
 21.835 2.007 0.5488 26.35
 21.582 1.681 0.2676 21.62
 21.273 2.457 0.4803 13.27
 21.039 1.273 0.2524  7.24
 21.390 2.710 0.7130  9.43
 21.695 0.747 0.1885 10.18
 20.835 1.847 0.3278 10.60
 18.918 1.342 0.4921 23.22
 18.684 1.884 0.3834  7.35
 21.273 2.444 0.5065 56.19
 19.354 1.680 0.3536 50.99
 21.670 0.727 0.2988  9.14
 19.971 1.726 0.5505 32.35
 20.159 2.663 0.5651 19.15
 20.784 2.752 0.5979  9.08
 21.394 0.865 0.3941 33.50
 19.648 2.963 0.6058 16.93
 21.156 1.930 0.7146 12.69
 19.158 2.211 0.4803  4.29
 20.276 0.852 0.2358 21.00
 20.491 2.139 0.4040 14.30
 21.865 2.569 0.8709 24.27
 21.779 3.401 0.7267 10.46
 21.360 3.302 0.7031  2.47
 20.418 1.893 0.6857  7.73
 21.861 3.713 0.8096 45.74
 21.536 1.158 0.6691 20.48
 20.409 2.270 0.6458 19.41
 20.180 1.629 0.6167  8.23
 17.171 0.805 0.1757 16.67
 20.318 2.797 0.6308  6.93
 20.366 2.116 0.4426  5.22
 21.312 1.657 0.3459 18.06
 19.651 0.715 0.2551 14.51
 20.261 2.125 0.4922 19.22
 19.455 1.970 0.7149 32.58
 19.626 1.382 0.4223 10.63
 19.835 0.766 0.3254 36.81
 19.413 1.868 0.3043 19.74
 21.917 2.768 0.5432 14.72
 19.329 1.921 0.7187  6.92
 21.390 2.239 0.4751  8.57
 21.106 2.477 0.5690  5.95
 19.909 1.751 0.6946 11.93
 20.059 1.958 0.3936  9.17
 18.979 2.161 0.4605  5.39
 21.858 2.634 0.6473 31.76
 19.258 1.788 0.3858 28.13
 19.456 2.608 0.7509 31.19
 21.380 1.896 0.4980 46.04
 19.707 3.029 0.6015 21.78
 20.795 1.558 0.4495 25.54
 20.229 2.802 0.5991  7.29
 16.311 1.558 0.2042 66.20
 21.237 2.295 0.7317 33.00
 21.406 1.851 0.3352  9.54
 21.713 2.658 0.6756 14.64
 21.220 2.188 0.6622 32.22
 19.512 2.454 0.7606  6.92
 20.742 2.769 0.7676 25.27
 16.673 1.706 0.7117  4.56
 21.370 0.650 0.3612 27.61
 18.944 2.795 0.6350 12.52
 20.167 2.153 0.5449 39.71
 21.773 1.862 0.7110 12.63
 21.308 2.243 0.7031  1.06
 18.869 2.069 0.4121 26.96
 20.153 2.866 0.6618  8.32
 20.481 1.661 0.6918 19.41
 19.913 2.327 0.8028 22.56
 19.939 2.007 0.7592  7.50
 20.590 2.771 0.6300 30.90
 21.890 1.726 0.4240 25.66
 21.862 2.554 0.7342 10.92
 20.413 1.889 0.4634 16.12
 21.734 1.768 0.4171 30.44
 21.570 1.290 0.5613 32.65
 19.340 1.533 0.6800 46.46
 19.979 2.097 0.6622  6.00
 17.682 2.926 0.5634  9.66
 20.760 1.836 0.8088 13.93
 21.276 2.162 0.7556 11.61
 21.033 2.308 0.4735 58.97
 21.721 1.760 0.5961 40.55
 18.436 2.505 0.6069  9.08
 19.560 1.710 0.3682 46.78
 21.811 1.817 0.3611 36.55
 20.131 0.956 0.7022 24.60
 20.855 1.964 0.6032  6.79
 19.378 1.234 0.8743  8.60
 19.627 1.799 0.6493 48.68
 21.118 1.393 0.7000  8.60
 19.582 1.734 0.6012 47.88
 21.113 1.945 0.5828 24.33
 19.792 1.802 0.3265 11.40
 20.014 1.894 0.3892  3.70
 19.725 2.198 0.7376  7.64
 21.200 1.375 0.5379 43.45
 21.230 1.392 0.6042 32.53
 21.667 2.303 0.5058 28.29
 18.985 1.050 0.2526 48.21
 20.935 2.448 0.5181 14.44
 19.536 2.601 0.7141 11.87
 21.671 2.806 0.6105  7.96
 20.920 1.562 0.6080  4.77
 20.926 1.550 0.3028 22.65
 21.982 2.595 0.5902 19.17
 21.065 2.697 0.5740 39.98
 20.274 0.924 0.2507 21.68
 19.310 2.444 0.5853  7.50
 19.434 1.557 0.2462 27.01
 19.737 2.340 0.6516 38.95
 21.841 2.871 0.5840 46.47
 21.718 0.483 0.4587 23.59
 19.231 1.984 0.6670  5.78
 21.433 2.494 0.7896  6.30
 20.278 1.797 0.3997 25.87
 16.357 2.032 0.9404 43.08
 21.456 2.389 0.5090  4.44
 19.260 1.186 0.4594 14.73
 21.707 2.206 0.7610 27.92
 20.939 1.704 0.5861 37.96
 20.560 0.930 0.2409 26.17
 21.452 1.685 0.2737 15.57
 20.935 0.693 0.2545 27.82
 21.693 2.165 0.6605 14.49
 18.402 2.975 0.6905 18.01
 19.486 1.113 0.3289 17.39
 21.901 1.445 0.3519 14.17
 19.010 2.630 0.6091 15.27
 18.033 2.178 0.5361 20.56
 19.504 1.662 0.3478 17.67
 21.832 2.629 0.7227 44.51
 21.884 1.936 0.3491 20.52
 19.193 0.743 0.0462 27.83
 19.883 1.822 0.3788 27.00
 21.810 2.580 0.6466 12.94
 21.084 2.538 0.7540  8.91
 21.637 0.929 0.4947 15.38
 21.746 1.875 0.3698 25.57
 18.602 2.373 0.8266 11.94
 21.899 2.818 0.5750 17.37
 21.456 0.953 0.1958 15.34
 21.741 2.372 0.5762 11.16
 20.596 1.904 0.5488  8.44
 19.729 3.068 0.6984 12.57
 18.851 1.879 0.6970 26.60
 20.462 2.234 0.4404  5.57
 20.419 2.448 0.5925 19.29
 21.897 2.265 0.5535  7.26
 19.221 1.730 0.4705 35.91
 19.889 1.546 0.5266  8.25
 21.488 2.147 0.7677 19.88
 21.223 1.389 0.3004  6.33
 20.751 2.188 0.8216  5.65
 21.232 0.869 0.1526 22.88
 19.776 1.526 0.4020 45.72
 20.431 2.371 0.8173 26.75
 20.133 1.595 0.6394 30.10
 21.239 2.232 0.5387 39.38
 21.722 2.334 0.6633  8.61
 21.733 2.208 0.4207 35.53
 21.925 2.551 0.6093 27.91
 21.191 0.869 0.3144 27.59
 19.710 2.671 0.5271 15.16
 21.918 2.207 0.4671 33.84
 20.670 1.759 0.3115 26.53
 18.976 1.206 0.4974 24.86
 21.510 0.624 0.3558 12.28
 21.671 2.016 0.7780 12.80
 19.778 2.606 0.6110 44.57
 20.030 1.463 0.6873 23.75
 20.200 2.652 0.5496 10.70
 17.562 1.641 0.4448 28.06
 19.508 2.472 0.4892 10.82
 21.986 1.445 0.4339 11.04
 20.401 1.781 0.3316 22.61
 17.608 2.833 0.8139 26.90
 19.768 1.441 0.6350 40.86
 18.866 2.341 0.5444 13.95
 21.975 3.613 0.6835 45.18
 20.956 1.313 0.4417 29.39
 19.419 2.742 0.7580 11.07
 21.737 1.832 0.5330 24.39
 21.974 2.799 0.6816  9.11
 21.785 1.644 0.3256 14.69
 20.252 2.302 0.5027 35.59
 20.529 2.141 0.4551 26.91
 19.819 2.175 0.7316 50.06
 20.050 2.838 0.5587 13.34
 21.336 2.467 0.7585  7.35
 19.568 1.779 0.3633 38.76
 20.492 1.031 0.6493  5.06
 21.217 2.101 0.3879  1.88
 20.513 2.628 0.5076 16.24
 20.550 2.390 0.6327 14.95
 20.424 0.837 0.5461 26.96
 21.538 1.857 0.6919 40.89
 21.346 2.992 0.7311 24.40
 20.287 1.864 0.4562 13.12
 21.754 2.896 0.6183 14.62
 20.437 3.211 0.7371 24.77
 19.038 2.553 0.7378 55.12
 19.248 2.607 0.5705 14.07
 20.738 1.802 0.3334 13.93
 21.052 2.593 0.5437 17.28
 21.677 1.677 0.3312 17.65
 21.159 2.161 0.7050  9.60
 21.937 1.334 0.3129  9.17
 21.957 1.444 0.1109  9.55
 21.062 1.460 0.3058  5.66
 21.958 1.983 0.4726  3.79
 21.568 2.533 0.5699  9.87
 21.184 2.596 0.7025 13.82
 21.143 1.756 0.2860 29.46
 21.364 1.329 0.3091 35.33
 17.725 2.293 0.6415  3.95
 21.668 1.189 0.5534 40.33
 19.450 2.543 0.5962 19.49
 20.049 2.649 0.6079 14.43
 20.673 1.245 0.1732 22.40
 21.876 2.207 0.4737  0.21
 19.332 4.140 0.7335 20.40
 20.762 2.557 0.5392 18.27
 20.955 2.444 0.6462  2.64
 21.323 1.757 0.3230 18.03
 15.495 2.427 0.6383 19.31
 21.292 2.455 0.6989 14.77
 21.158 1.650 0.2186 16.71
 15.389 2.217 0.7881  8.28
 21.603 2.189 0.5043  9.63
 20.038 2.135 0.5460 29.95
 20.267 2.646 0.7554 31.02
 21.465 2.535 0.5395  2.33
 21.188 3.056 0.6109 19.07
 21.273 2.453 0.7796 11.11
 21.549 1.837 0.5523 25.05
 21.338 2.347 0.6401 23.24
 21.400 1.694 0.4246 39.35
 21.467 1.455 0.7132 15.33
 19.472 2.791 0.5751 18.59
 19.636 2.745 0.5579  5.41
 21.913 2.233 0.4799  7.39
 14.109 2.300 0.7256  9.24
 19.918 1.429 0.5385 35.02
 21.634 1.790 0.4677 43.62
 20.461 0.763 0.4082 14.58
 20.929 2.391 0.8207  6.51
 20.900 2.766 0.5465  5.58
 20.235 2.165 0.4840  7.18
 21.907 1.653 0.2531 12.45
 21.213 3.306 0.6341 12.46
 20.739 2.977 0.6131  8.96
 20.919 2.111 0.6538 11.63
 21.431 2.240 0.4692  5.81
 21.739 2.100 0.4327  3.29
 19.671 1.677 0.4067  8.37
 19.271 1.859 0.3701 20.17
 21.513 1.281 0.5744  4.08
 20.810 1.360 0.5613 50.09
 21.833 3.057 0.6093 23.86
 21.148 1.532 0.4804 11.70
 21.338 2.265 0.6623 29.78
 20.389 1.094 0.2765 16.81
 20.959 0.866 0.4016 28.38
 19.012 1.276 0.3813 27.48
 21.278 1.657 0.4618  9.81
 21.143 2.220 0.4173 48.48
 21.745 2.662 0.6027 10.11
 20.205 2.433 0.7921 30.56
 20.077 0.878 0.4911 29.92
 21.591 2.105 0.5914 35.25
 18.557 2.943 0.8995  6.20
 21.221 2.626 0.5090 15.65
 20.416 2.260 0.5569 10.27
 20.370 2.174 0.7908  3.70
 15.959 2.256 0.7631 23.72
 21.473 2.965 0.5849  6.10
 21.430 1.841 0.2954  7.40
 21.907 1.017 0.7391  8.30
 21.126 2.328 0.6076  3.72
 19.609 1.240 0.2331 26.26
 21.820 1.967 0.7045 23.88
 20.238 1.115 0.4910 19.82
 21.858 1.743 0.5636  8.78
 16.106 2.031 0.8004 16.24
 18.143 2.241 0.5353  6.80
 21.520 3.008 0.8113 55.70
 20.316 2.327 0.6302 21.77
 19.716 1.292 0.6912  8.14
 21.948 1.800 0.6943 24.59
 21.134 1.609 0.3918 54.02
 20.610 2.535 0.5701  4.01
 21.952 2.920 0.6114 10.80
 20.362 1.464 0.4024 19.81
 20.357 1.449 0.1585 25.63
 21.067 2.537 0.8056  7.44
 21.855 2.522 0.5345 47.96
 21.157 1.976 0.3759  5.44
 20.460 2.777 0.5412  7.57
 20.869 2.722 0.5424 17.56
 21.068 2.774 0.7147  6.78
 19.439 2.986 0.6125 11.29
 20.721 2.610 0.5774 10.90
 20.125 1.380 0.4138 24.93
 21.522 1.514 0.2376 11.38
 20.893 1.851 0.4930 14.30
 19.963 1.198 0.5904 32.69
 21.118 2.736 0.5493  2.07
 19.614 2.337 0.8675 17.72
 20.998 1.231 0.5004 42.97
 20.754 2.741 0.5579  4.18
 21.616 2.200 0.7708  7.21
 20.400 1.134 0.4081 35.74
 21.636 0.834 0.1002  8.65
 21.950 1.608 0.5432 32.52
 21.759 2.719 0.6185 26.84
 18.847 1.648 0.3674 13.98
 20.579 0.799 0.7735 21.59
 20.221 1.032 0.4183 23.97
 20.628 2.509 0.5499 32.15
 20.654 2.378 0.5729 27.04
 17.720 2.587 0.6000 40.87
 21.753 1.998 0.4980 11.58
 21.348 2.790 0.6674 19.10
 21.718 2.102 0.5126  8.31
 21.832 1.530 0.5053 50.72
 19.094 2.851 0.5977  1.08
 21.518 1.097 0.1069 12.01
 20.738 1.774 0.6309 16.15
 19.946 1.791 0.5718 55.06
 21.408 2.505 0.5897  8.18
 20.966 1.531 0.5689 22.39
 19.468 2.543 0.5413  7.76
 16.896 2.618 0.9125  7.31
 21.400 1.461 0.3006 23.31
 16.520 1.631 0.6898  7.62
 19.668 2.431 0.4805 13.71
 16.997 2.347 0.6242 36.68
 20.345 1.986 0.6427  6.69
 21.220 1.752 0.6028 22.69
 20.035 2.165 0.5802  7.57
 19.219 2.283 0.5678 34.67
 21.770 2.642 0.5539 11.70
 21.108 3.219 0.6425 16.36
 21.736 1.922 0.3968  6.64
 21.891 2.266 0.4562 36.36
 20.463 2.529 0.5593  8.64
 20.733 2.302 0.5659 30.39
 20.795 1.656 0.5440 17.98
 21.149 2.696 0.5543  9.25
 20.854 2.329 0.5422  6.31
 18.825 0.623 0.4910 14.48
 18.899 1.504 0.4731 39.53
 17.272 1.294 0.5227 30.88
 21.460 1.347 0.3063 10.84
 21.431 2.318 0.8091 25.59
 20.491 2.726 0.5268 21.87
 18.278 1.574 0.4792 32.97
 20.214 2.213 0.5955 22.37
 14.920 1.450 0.2326 54.76
 19.209 1.443 0.4488 40.58
 17.895 1.884 0.6091 11.55
 18.064 2.122 0.5371 21.94
 20.287 2.884 0.6101 18.05
 19.172 2.660 0.5512 12.69
 20.642 1.636 0.3698 24.52
 21.760 1.860 0.4728 12.16
 19.747 2.026 0.5729  1.22
 20.938 0.540 0.3760 11.00
 17.615 1.384 0.5970 15.18
 21.279 1.567 0.3548 15.25
 21.757 1.809 0.4338 28.85
 20.765 0.902 0.2513 34.71
 21.518 1.835 0.3280  4.90
 18.915 1.868 0.4123 10.62
 19.771 3.172 0.8420 18.98
 21.939 3.343 0.7079 13.77
 19.156 2.544 0.6453  7.78
 19.604 1.367 0.4630  4.48
 20.361 0.768 0.2031 40.02
 21.930 2.073 0.6038  3.43
 20.156 2.417 0.5192 61.57
 21.222 1.923 0.3544 31.11
 21.033 1.427 0.3463 30.10
 21.815 2.706 0.8043 34.09
 21.038 1.136 0.3483  3.80
 21.395 2.575 0.7921 16.86
 21.665 2.111 0.4006  7.93
 18.596 2.297 0.4909  7.04
 20.476 3.077 0.6469 13.86
 21.319 2.141 0.6056  8.87
 21.024 1.291 0.3718 12.62
 16.500 1.672 0.3354 18.82
 21.996 2.079 0.4567  2.59
 21.873 1.751 0.3938 48.69
 18.582 1.894 0.5745  4.80
 21.852 2.506 0.9150 13.61
 18.693 1.814 0.3055 41.97
 20.320 2.635 0.5441 53.71
 14.892 1.343 0.4568 13.95
 21.828 2.806 0.5479 19.03
 20.646 2.313 0.4467  7.39
 21.946 1.493 0.1818 53.66
 21.617 1.934 0.4060 10.64
 19.786 1.769 0.6098 30.24
 19.721 2.100 0.6236  4.16
 21.258 2.138 0.5931  4.86
 20.665 1.635 0.2978 22.78
 20.227 2.037 0.5176  4.15
 19.498 1.815 0.3493 43.67
 20.825 2.323 0.5134 19.32
 20.743 1.361 0.7616 33.40
 19.682 2.017 0.5236  4.71
 20.771 1.405 0.3684 15.94
 18.859 2.142 0.4676  5.93
 21.872 1.366 0.5261 48.94
 20.990 2.752 0.7402 34.89
 21.917 1.834 0.3320 18.60
 19.972 2.198 0.5983 11.31
 21.936 2.443 0.6351 18.02
 19.931 2.441 0.5125 29.60
 20.345 1.606 0.3373 39.39
 21.025 2.159 0.6575 41.71
 21.426 1.767 0.3905  7.87
 21.880 2.968 0.8044 16.85
 20.301 2.413 0.6719 19.20
 17.821 2.460 0.4939 11.77
 19.138 1.103 0.4139 39.72
 21.179 2.438 0.8591 21.22
 21.402 2.310 0.5532 23.02
 19.064 1.082 0.1817 29.70
 20.636 2.307 0.8661  5.05
 20.524 2.176 0.4982  4.11
 21.635 2.433 0.6535 22.57
 17.446 0.785 0.0936 45.42
 21.427 3.384 0.8367 36.64
 21.340 2.189 0.5217 11.20
 19.708 1.922 0.7967 17.40
 20.147 2.455 0.5033 19.08
 20.090 1.772 0.3138 17.63
 19.224 1.698 0.3078 27.85
 20.962 1.193 0.5209 35.93
 21.116 2.046 0.3903  7.17
 21.026 2.441 0.6532 35.78
 21.954 1.177 0.3525 22.55
 18.177 2.014 0.4073  1.11
 21.965 2.394 0.5677 31.19
 21.904 2.454 0.5901 19.69
 18.785 1.216 0.6497 45.23
 21.935 2.503 0.6607  5.66
 21.591 2.558 0.5812 14.72
 20.353 2.172 0.5131 10.95
 21.086 2.014 0.7255 40.70
 21.876 1.752 0.3474 18.97
 20.593 2.323 0.8324  4.70
 21.695 1.629 0.5454  4.04
 18.844 2.502 0.4965  2.39
 21.167 1.996 0.7017  5.81
 19.264 2.103 0.4604  5.78
 21.876 1.792 0.3885  9.23
 21.497 2.723 0.5253  6.83
 21.444 1.525 0.5973 18.38
 21.882 2.026 0.4048 37.09
 18.622 1.888 0.4223 52.05
 15.160 2.042 0.6829  2.13
 21.938 3.107 0.5835 15.21
 18.674 1.517 0.1995 25.84
 16.009 2.395 0.7114 49.10
 20.657 1.648 0.4021 26.68
 21.967 1.708 0.4063  5.07
 20.864 2.747 0.6242 22.15
 20.198 1.841 0.4937 13.54
 21.355 2.091 0.5851 32.59
 16.321 1.803 0.4083 24.01
 21.715 2.140 0.4509  5.89
 20.683 1.304 0.2796 23.79
 21.217 2.870 0.6961  8.65
 21.373 2.260 0.4420  9.48
 20.652 2.549 0.8683 29.49
 20.877 3.042 0.7683 52.22
 21.253 2.118 0.6691  7.09
 19.059 2.075 0.5536  8.46
 21.513 2.471 0.6773 14.17
 19.425 1.973 0.4508  4.50
 21.720 1.396 0.0942  9.14
 20.759 1.269 0.2667 23.42
 19.204 1.262 0.1920 35.77
 21.503 3.115 0.8271 17.17
 21.160 1.992 0.4760 10.92
 20.020 2.422 0.6177 58.42
 21.770 1.145 0.0571 10.38
 16.934 2.721 0.6940 37.85
 20.072 2.396 0.7954  9.52
 21.397 3.406 0.7316 36.62
 21.903 2.293 0.5145 53.49
 19.163 1.117 0.7208  2.43
 19.225 2.465 0.7512 35.33
 20.077 1.917 0.5541 33.61
 21.097 1.078 0.7891 14.49
 20.899 2.421 0.9463  5.68
 21.574 1.664 0.6163 23.88
 21.612 2.024 0.5286  5.98
 20.043 2.005 0.4798 20.95
 21.169 0.899 0.4315  5.78
 19.451 2.818 0.8542 36.46
 21.007 1.984 0.3481 35.72
 21.551 2.393 0.6748 22.26
 21.719 2.084 0.6320  7.00
 21.587 2.060 0.6481  8.12
 17.938 2.174 0.4177 19.24
 20.456 0.824 0.5096  7.48
 18.987 1.634 0.4019 17.59
 20.947 1.704 0.6366 25.28
 17.899 0.953 0.4512  9.30
 19.319 1.355 0.3071 25.77
 18.036 2.804 0.7231  9.50
 18.069 2.213 0.5845  8.31
 21.790 1.799 0.5123  2.07
 21.774 1.988 0.5199  9.86
 20.329 1.917 0.3804  6.93
 21.414 2.006 0.4916 12.72
 21.204 2.421 0.5111 12.66
 21.490 2.251 0.8591 11.18
 18.555 1.437 0.4161 18.30
 19.992 1.338 0.3143 19.73
 20.954 2.072 0.4208  6.60
 20.807 2.265 0.5786 10.03
 21.738 2.522 0.5433 28.10
 21.042 2.641 0.7307 20.57
 19.184 1.771 0.3029 10.95
 18.856 0.458 0.6133 18.10
 20.400 1.898 0.6543 45.64
 21.658 1.866 0.3043 23.08
 17.596 1.911 0.7141 26.75
 20.947 1.316 0.2854 17.23
 21.108 1.565 0.2631 27.03
 19.041 1.405 0.1824 26.98
 20.720 2.263 0.4611 38.97
 21.210 2.546 0.5764 32.61
 21.225 2.197 0.8437 30.69
 21.426 2.413 0.9185  5.44
 21.047 2.027 0.6433 18.22
 19.271 2.216 0.6537 29.93
 15.216 1.989 0.5003 22.69
 20.945 2.648 0.6619  4.36
 21.635 2.103 0.7101  4.08
 20.755 2.534 0.5284 23.63
 20.958 2.552 0.4974  8.54
 18.370 1.179 0.1349 18.99
 21.266 1.724 0.5754 13.88
 21.847 1.928 0.3389 44.55
 21.139 2.793 0.7071  8.13
 20.717 1.664 0.8011 22.40
 20.658 2.690 0.7311 41.06
 21.258 1.256 0.6949 47.71
 19.285 0.926 0.4403 45.91
 21.719 1.284 0.6803  7.39
 21.229 2.332 0.5387 20.02
 21.102 2.748 0.7044 21.85
 20.193 2.463 0.6119 36.53
 20.328 1.967 0.8425 13.91
 18.565 2.464 0.5880 23.60
 21.701 2.325 0.4525 15.21
 19.683 3.089 0.8642 28.33
 21.131 1.540 0.4114  3.94
 20.524 2.021 0.4664 47.81
 21.605 2.027 0.6478 22.84
 21.222 1.696 0.7912  4.29
 21.950 3.148 0.6157 10.36
 20.865 1.997 0.6457  5.99
 21.850 3.034 0.6359 19.03
 19.190 1.958 0.5796 28.26
 19.503 1.001 0.7184 50.28
 21.306 1.425 0.3449 23.10
 17.813 2.687 0.7583 23.82
 20.752 1.489 0.3362  5.64
 21.280 1.549 0.4987 48.61
 21.779 2.206 0.4623 13.91
 18.931 1.619 0.4613 12.82
 18.457 1.064 0.2731 40.11
 20.252 2.116 0.5648  8.43
 21.884 1.397 0.6670 42.94
 21.269 0.883 0.5122 24.36
 21.904 1.327 0.4903 10.14
 21.530 1.482 0.5364 32.73
 19.122 3.172 0.6382 40.00
 20.930 2.120 0.4072  3.63
 21.658 2.176 0.4269 48.09
 21.463 2.397 0.8747  2.28
 20.462 1.271 0.2731 23.48
 21.282 2.924 0.6103 28.78
 18.884 1.546 0.4574  8.70
 21.692 2.040 0.4035 22.03
 19.840 2.640 0.5421 13.46
 21.785 2.136 0.4392  5.65
 20.675 2.233 0.7859 38.51
 16.272 3.712 0.7616 46.73
 18.428 1.199 0.7364 38.95
 19.448 1.905 0.4667 47.55
 20.565 2.533 0.6693 23.23
 21.397 2.894 0.6324 22.72
 20.851 1.992 0.4319  7.41
 21.608 0.869 0.3440 32.61
 21.844 2.135 0.4529 15.58
 21.589 2.302 0.5044 10.87
 21.966 0.779 0.2549  7.89
 21.413 2.171 0.8840 10.08
 21.367 1.617 0.2928  3.49
 17.802 1.884 0.4251 14.22
 20.978 1.953 0.5035 23.92
 21.722 1.732 0.3948 25.89
 21.594 1.815 0.2951 12.76
 21.965 2.921 0.5813  9.13
 19.950 1.639 0.2495 32.08
 21.349 2.799 0.6009 13.59
 21.680 2.747 0.5492 19.60
 21.369 2.214 0.4376 40.35
 21.142 1.953 0.6086  9.09
 21.991 2.495 0.5078  2.57
 17.901 2.258 0.4578 43.85
 21.487 1.817 0.5082 33.07
 19.053 2.197 0.4285  0.57
 19.893 1.693 0.3993  5.35
 19.437 1.635 0.6886 24.97
 20.988 1.540 0.5813 15.55
 21.061 1.765 0.3344  8.79
 21.281 1.774 0.5161 20.62
 21.911 2.355 0.8117 18.21
 18.932 2.221 0.7041 14.94
 19.807 2.620 0.6605 10.64
 18.832 2.104 0.4408 35.12
 19.749 1.086 0.4064 25.49
 21.753 1.925 0.8877  1.26
 20.251 2.188 0.5516  3.14
 21.822 1.566 0.7016 32.97
 21.478 1.300 0.1840 46.41
 19.749 2.068 0.5485  7.05
 21.819 3.246 0.6869 20.13
 19.008 3.028 0.6623 13.52
 21.701 2.558 0.7431 20.84
 21.224 2.857 0.8101 11.20
 20.593 2.895 0.8529 13.69
 21.794 2.185 0.4310  9.27
 19.273 1.630 0.6966 10.46
 20.919 1.865 0.6447 39.64
 21.919 2.396 0.8894 18.47
 19.577 2.001 0.7448 37.56
 20.154 1.872 0.3615  3.16
 20.455 0.850 0.2172 37.64
 21.264 1.791 0.4461 14.65
 20.336 1.658 0.3709  7.75
 21.970 2.807 0.5442 11.83
 19.936 1.289 0.5136 23.19
 20.016 1.951 0.5315 23.59
 19.734 2.823 0.7755 58.19
 20.677 2.343 0.6197 12.82
 18.627 2.656 0.5574 17.70
 21.831 1.663 0.4052 15.65
 20.228 2.433 0.6613  6.38
 21.792 2.079 0.7715  7.04
 19.104 1.868 0.3549 32.14
 20.020 2.312 0.7303 25.84
